image: lab280.pbm
resolution: 0.050000
origin: [-15.700000, -10.200000, 0.000000]
negate: 0
occupied_thresh: 0.65
free_thresh: 0.196

